9000 2500
168
990.0 676.0
399.0 578.0
1535.0 991.0
1636.0 32.0
817.0 1054.0
1318.0 483.0
878.0 160.0
91.0 716.0
13.0 556.0
586.0 970.0
204.0 523.0
1096.0 329.0
1891.0 719.0
329.0 421.0
1997.0 1077.0
567.0 914.0
1219.0 668.0
1906.0 41.0
292.0 509.0
177.0 481.0
1585.0 270.0
422.0 818.0
84.0 311.0
960.0 811.0
177.0 1129.0
1242.0 556.0
1589.0 393.0
273.0 112.0
1579.0 578.0
1747.0 219.0
189.0 1068.0
514.0 594.0
1352.0 891.0
327.0 110.0
616.0 87.0
1428.0 740.0
546.0 991.0
306.0 1070.0
849.0 537.0
89.0 701.0
983.0 1060.0
526.0 292.0
981.0 816.0
918.0 321.0
1575.0 934.0
1817.0 462.0
630.0 740.0
274.0 1054.0
129.0 12.0
1107.0 195.0
1462.0 865.0
1397.0 312.0
457.0 142.0
412.0 684.0
1831.0 1122.0
249.0 403.0
117.0 635.0
666.0 103.0
689.0 397.0
92.0 444.0
58.0 393.0
400.0 429.0
1308.0 383.0
1276.0 1006.0
707.0 27.0
1352.0 935.0
1537.0 290.0
1112.0 229.0
522.0 457.0
314.0 459.0
892.0 74.0
1253.0 1009.0
1261.0 1164.0
1314.0 1031.0
1932.0 988.0
1898.0 85.0
349.0 140.0
273.0 64.0
627.0 754.0
1506.0 534.0
1883.0 727.0
781.0 263.0
851.0 162.0
1465.0 88.0
990.0 676.0
399.0 578.0
1535.0 991.0
1636.0 32.0
817.0 1054.0
1318.0 483.0
878.0 160.0
91.0 716.0
13.0 556.0
586.0 970.0
204.0 523.0
1096.0 329.0
1891.0 719.0
329.0 421.0
1997.0 1077.0
567.0 914.0
1219.0 668.0
1906.0 41.0
292.0 509.0
177.0 481.0
1585.0 270.0
422.0 818.0
84.0 311.0
960.0 811.0
177.0 1129.0
1242.0 556.0
1589.0 393.0
273.0 112.0
1579.0 578.0
1747.0 219.0
189.0 1068.0
514.0 594.0
1352.0 891.0
327.0 110.0
616.0 87.0
1428.0 740.0
546.0 991.0
306.0 1070.0
849.0 537.0
89.0 701.0
983.0 1060.0
526.0 292.0
981.0 816.0
918.0 321.0
1575.0 934.0
1817.0 462.0
630.0 740.0
274.0 1054.0
129.0 12.0
1107.0 195.0
1462.0 865.0
1397.0 312.0
457.0 142.0
412.0 684.0
1831.0 1122.0
249.0 403.0
117.0 635.0
666.0 103.0
689.0 397.0
92.0 444.0
58.0 393.0
400.0 429.0
1308.0 383.0
1276.0 1006.0
707.0 27.0
1352.0 935.0
1537.0 290.0
1112.0 229.0
522.0 457.0
314.0 459.0
892.0 74.0
1253.0 1009.0
1261.0 1164.0
1314.0 1031.0
1932.0 988.0
1898.0 85.0
349.0 140.0
273.0 64.0
627.0 754.0
1506.0 534.0
1883.0 727.0
781.0 263.0
851.0 162.0
1465.0 88.0